1523504416.0337226 351418.3866762136 4023357.4793542423 56.0538 0.0 0.0 0.0 0.0
1523504417.0343075 351418.38858515496 4023357.485979589 56.0619 0.0 0.0 0.0 0.0
1523504418.033571 351418.38618242636 4023357.4854659126 56.0655 0.0 0.0 0.0 0.0
1523504419.0336444 351418.38494463946 4023357.4830828216 56.0752 0.0 0.0 0.0 0.0
1523504420.033746 351418.38414291 4023357.4799524765 56.0637 0.0 0.0 0.0 0.0
1523504421.0333352 351418.3850213684 4023357.4788277536 56.0749 0.0 0.0 0.0 0.0
1523504422.0334775 351418.38810791844 4023357.484323254 56.0742 0.0 0.0 0.0 0.0
1523504423.0341706 351418.38786332624 4023357.478779069 56.07 0.0 0.0 0.0 0.0
1523504424.0338244 351418.3879361736 4023357.4830315756 56.0766 0.0 0.0 0.0 0.0
1523504425.0334163 351418.3850878811 4023357.4827104756 56.0767 0.0 0.0 0.0 0.0
1523504426.0335565 351418.38080399996 4023357.4859279385 56.081 0.0 0.0 0.0 0.0
1523504427.0334399 351418.38653358934 4023357.5496360795 56.0708 0.0 0.0 0.0 0.0
1523504428.0407712 351418.393431408 4023358.0745789744 56.0526 0.0 0.0 0.0 0.0
1523504429.0405786 351418.42243751115 4023359.6106115934 56.0641 0.0 0.0 0.0 0.0
1523504430.0415387 351418.45658038347 4023362.1889106175 56.1015 0.0 0.0 0.0 0.0
1523504431.0368576 351418.5002975017 4023365.7191465027 56.1393 0.0 0.0 0.0 0.0
1523504432.033181 351418.57158761704 4023369.9855491077 56.1483 0.0 0.0 0.0 0.0
1523504433.0327795 351418.68152051733 4023374.9355891524 56.1358 0.0 0.0 0.0 0.0
1523504434.0329614 351418.8107325878 4023380.548144654 56.1397 0.0 0.0 0.0 0.0
1523504435.0335763 351418.95571471914 4023386.73191252 56.1327 0.0 0.0 0.0 0.0
1523504436.0326293 351419.0943962566 4023393.4125527525 56.1025 0.0 0.0 0.0 0.0
1523504437.032494 351419.20150811994 4023400.5560983233 56.0427 0.0 0.0 0.0 0.0
1523504438.0331926 351418.987008716 4023407.913402338 55.9818 0.0 0.0 0.0 0.0
1523504439.033495 351418.3561812135 4023415.0734733753 55.8865 0.0 0.0 0.0 0.0
1523504440.0330193 351417.67907042656 4023422.3003631136 55.802 0.0 0.0 0.0 0.0
1523504441.0329707 351417.23393093294 4023430.0635058195 55.6482 0.0 0.0 0.0 0.0
1523504442.0336301 351417.0712536507 4023438.3407677226 55.4578 0.0 0.0 0.0 0.0
1523504443.033882 351417.0790198174 4023447.1610698784 55.2584 0.0 0.0 0.0 0.0
1523504444.0325692 351417.18256999535 4023456.472057006 55.0717 0.0 0.0 0.0 0.0
1523504445.0332515 351417.36202037527 4023466.2309773737 54.8422 0.0 0.0 0.0 0.0
1523504446.032752 351417.5774727228 4023476.3970866357 54.654 0.0 0.0 0.0 0.0
1523504447.0317647 351417.7999003886 4023486.848078048 54.4151 0.0 0.0 0.0 0.0
1523504448.0321093 351417.9958744683 4023497.3182023265 54.2266 0.0 0.0 0.0 0.0
1523504449.0327818 351418.1887085603 4023507.779688102 54.0915 0.0 0.0 0.0 0.0
1523504450.0336103 351418.414945527 4023518.007570062 54.0724 0.0 0.0 0.0 0.0
1523504451.03145 351418.62018611556 4023527.7521785307 54.0131 0.0 0.0 0.0 0.0
1523504452.031842 351418.6995495779 4023535.9655577256 54.0226 0.0 0.0 0.0 0.0
1523504453.0314999 351418.77605029853 4023543.4179339707 53.9217 0.0 0.0 0.0 0.0
1523504454.03055 351418.9264134537 4023550.849995508 53.9144 0.0 0.0 0.0 0.0
1523504455.0355895 351418.9076378926 4023558.050813298 53.8766 0.0 0.0 0.0 0.0
1523504456.0353816 351418.1527585581 4023564.405168397 53.8823 0.0 0.0 0.0 0.0
1523504457.0294733 351417.29240962694 4023569.6509157377 53.9234 0.0 0.0 0.0 0.0
1523504458.030016 351413.9090886516 4023573.971880373 53.7381 0.0 0.0 0.0 0.0
1523504459.0296142 351408.97147666244 4023578.5155183105 50.2062 0.0 0.0 0.0 0.0
1523504460.0299153 351402.66687925794 4023579.7267379155 50.5243 0.0 0.0 0.0 0.0
1523504461.0293355 351396.04910488526 4023580.3511315854 50.604 0.0 0.0 0.0 0.0
1523504462.0290177 351389.3734137572 4023580.782514532 50.6756 0.0 0.0 0.0 0.0
1523504463.030082 351382.41357829556 4023580.313276669 54.4285 0.0 0.0 0.0 0.0
1523504464.030677 351376.6444208963 4023578.6146489503 53.898 0.0 0.0 0.0 0.0
1523504465.0303395 351372.24542966054 4023575.3169902856 53.7507 0.0 0.0 0.0 0.0
1523504466.0300784 351369.55735609325 4023570.721469193 53.7755 0.0 0.0 0.0 0.0
1523504467.0297966 351369.6807999347 4023566.8806168335 49.4793 0.0 0.0 0.0 0.0
1523504468.0316143 351369.35992230795 4023561.5230549416 50.1639 0.0 0.0 0.0 0.0
1523504469.0282114 351367.76991184766 4023555.846572308 48.0562 0.0 0.0 0.0 0.0
1523504470.02748 351367.14011349506 4023551.041374541 48.0858 0.0 0.0 0.0 0.0
1523504471.0267649 351365.7698946316 4023546.709750953 48.0858 0.0 0.0 0.0 0.0
1523504472.027614 351363.55623049353 4023543.2307570702 48.0858 0.0 0.0 0.0 0.0
1523504473.028307 351360.4554395946 4023540.98021239 48.0858 0.0 0.0 0.0 0.0
1523504474.027872 351356.3594555458 4023539.9381463756 48.0858 0.0 0.0 0.0 0.0
1523504475.0275695 351351.388192697 4023539.7594306134 48.0858 0.0 0.0 0.0 0.0
1523504476.0280304 351345.84049888374 4023539.757973645 48.0858 0.0 0.0 0.0 0.0
1523504477.0206964 351345.84049888374 4023539.757973645 48.0858 0.0 0.0 0.0 0.0
1523504478.028211 351332.5447925625 4023545.687937726 44.735 0.0 0.0 0.0 0.0
1523504479.0279877 351327.50772332447 4023538.082935452 51.6906 0.0 0.0 0.0 0.0
1523504480.0277984 351320.9444237596 4023537.6713088583 51.3231 0.0 0.0 0.0 0.0
1523504481.0322115 351314.591993717 4023536.7918578666 51.8505 0.0 0.0 0.0 0.0
1523504482.0304887 351308.3454057563 4023536.4310347717 51.6715 0.0 0.0 0.0 0.0
1523504483.029319 351302.2042586544 4023536.373384249 51.7315 0.0 0.0 0.0 0.0
1523504484.028898 351296.1923940055 4023536.7877228754 51.678 0.0 0.0 0.0 0.0
1523504485.0279953 351290.06571491197 4023537.7745926236 51.673 0.0 0.0 0.0 0.0
1523504486.0285482 351284.0441516364 4023539.158962693 51.6041 0.0 0.0 0.0 0.0
1523504487.0284288 351278.30380953185 4023540.705520972 51.3866 0.0 0.0 0.0 0.0
1523504488.0286636 351272.84096410894 4023542.135987077 51.1155 0.0 0.0 0.0 0.0
1523504489.0282667 351267.70649017685 4023543.433212776 50.8795 0.0 0.0 0.0 0.0
1523504490.0282984 351263.9525701514 4023543.9296228834 51.0148 0.0 0.0 0.0 0.0
1523504491.028419 351260.8908264285 4023545.728575209 50.2335 0.0 0.0 0.0 0.0
1523504492.0282853 351259.2970541817 4023546.4063630803 48.2803 0.0 0.0 0.0 0.0
1523504493.0278895 351257.7794031116 4023546.2533629737 48.8038 0.0 0.0 0.0 0.0
1523504494.0279663 351256.39871640014 4023546.514142665 47.9816 0.0 0.0 0.0 0.0
1523504495.028211 351254.49497445713 4023546.6270589624 48.3875 0.0 0.0 0.0 0.0
1523504496.0282562 351252.5600738174 4023546.580716723 48.2852 0.0 0.0 0.0 0.0
1523504497.0297108 351249.4614821264 4023545.349964887 52.7919 0.0 0.0 0.0 0.0
1523504498.0306246 351246.5965571491 4023544.7103626826 54.1193 0.0 0.0 0.0 0.0
1523504499.0295186 351243.50608163094 4023544.223326558 54.2081 0.0 0.0 0.0 0.0
1523504500.03038 351240.41923312424 4023542.9010131015 54.2016 0.0 0.0 0.0 0.0
1523504501.0308504 351237.77629769954 4023541.063964577 54.2638 0.0 0.0 0.0 0.0
1523504502.0297396 351236.2708626118 4023539.7914653276 50.7303 0.0 0.0 0.0 0.0
1523504503.0289183 351234.6236229548 4023535.354567948 53.1166 0.0 0.0 0.0 0.0
1523504504.0288024 351234.6714715164 4023530.7036494785 55.4946 0.0 0.0 0.0 0.0
1523504505.0290272 351234.47875000385 4023528.103470065 53.0229 0.0 0.0 0.0 0.0
1523504506.0283031 351234.3149716082 4023524.3470665566 52.9344 0.0 0.0 0.0 0.0
1523504507.032618 351234.2977763037 4023520.1520460816 52.7581 0.0 0.0 0.0 0.0
1523504508.0322835 351235.54259442154 4023515.6246696645 53.9951 0.0 0.0 0.0 0.0
1523504509.030598 351233.55142694525 4023511.8622514484 54.0945 0.0 0.0 0.0 0.0
1523504510.0306478 351233.16068396054 4023507.0943874517 54.3349 0.0 0.0 0.0 0.0
1523504511.0295527 351233.89065872424 4023502.2699411777 54.3971 0.0 0.0 0.0 0.0
1523504512.0299256 351234.73610490817 4023497.513239075 54.4392 0.0 0.0 0.0 0.0
1523504513.0283027 351236.8824275321 4023493.1980688167 53.2927 0.0 0.0 0.0 0.0
1523504514.0278249 351237.1603014654 4023488.6116353506 53.6875 0.0 0.0 0.0 0.0
1523504515.027799 351236.46304087597 4023483.2621951746 51.2489 0.0 0.0 0.0 0.0
1523504516.0272267 351236.30136480986 4023477.4911390566 54.0596 0.0 0.0 0.0 0.0
1523504517.02742 351236.1782381155 4023472.292754377 53.8584 0.0 0.0 0.0 0.0
1523504518.027077 351236.14697223844 4023467.3121400853 53.7764 0.0 0.0 0.0 0.0
1523504519.0270672 351236.08698339073 4023462.410250647 53.5563 0.0 0.0 0.0 0.0
1523504520.0268896 351236.13259727345 4023457.4107479164 53.447 0.0 0.0 0.0 0.0
1523504521.0291045 351236.0744918705 4023452.4703574786 53.1426 0.0 0.0 0.0 0.0
1523504522.027357 351236.0833609506 4023447.7448352543 52.821 0.0 0.0 0.0 0.0
1523504523.020914 351236.0833609506 4023447.7448352543 52.821 0.0 0.0 0.0 0.0
1523504524.020628 351236.0833609506 4023447.7448352543 52.821 0.0 0.0 0.0 0.0
1523504525.0215557 351236.0833609506 4023447.7448352543 52.821 0.0 0.0 0.0 0.0
1523504526.0272164 351243.0295873305 4023435.3487973185 52.447 0.0 0.0 0.0 0.0
1523504527.0279174 351246.91617808957 4023434.5157227684 52.4402 0.0 0.0 0.0 0.0
1523504528.0300486 351250.0799483794 4023434.0397858266 55.5413 0.0 0.0 0.0 0.0
1523504529.0311716 351255.2513306763 4023434.0359869287 55.5329 0.0 0.0 0.0 0.0
1523504530.030181 351260.53174218454 4023433.8551775333 54.5513 0.0 0.0 0.0 0.0
1523504531.0305507 351266.3184190858 4023434.0119085326 54.5542 0.0 0.0 0.0 0.0
1523504532.0366821 351271.97352737584 4023434.156843589 54.5386 0.0 0.0 0.0 0.0
1523504533.0366912 351277.39102012187 4023434.3093707142 54.5293 0.0 0.0 0.0 0.0
1523504534.035994 351282.65860992216 4023434.3581276094 54.4725 0.0 0.0 0.0 0.0
1523504535.0300786 351287.98972673377 4023434.3247921485 54.4784 0.0 0.0 0.0 0.0
1523504536.0312788 351292.9430726435 4023434.2576187514 54.4738 0.0 0.0 0.0 0.0
1523504537.0314178 351296.7430219884 4023434.2264982183 54.6082 0.0 0.0 0.0 0.0
1523504538.0310657 351300.44697118737 4023434.2160746497 54.5646 0.0 0.0 0.0 0.0
1523504539.0317564 351304.1543296417 4023434.2386995326 54.4176 0.0 0.0 0.0 0.0
1523504540.0320518 351308.52389849984 4023434.2697625523 54.3991 0.0 0.0 0.0 0.0
1523504541.0317185 351313.64950497507 4023434.2316434635 54.3556 0.0 0.0 0.0 0.0
1523504542.0310156 351319.22329545324 4023434.066924268 54.3156 0.0 0.0 0.0 0.0
1523504543.030673 351325.05384599033 4023434.129914469 54.3172 0.0 0.0 0.0 0.0
1523504544.0304039 351330.9208304237 4023434.5727177593 54.3316 0.0 0.0 0.0 0.0
1523504545.0309923 351336.5224852798 4023435.387745234 54.2652 0.0 0.0 0.0 0.0
1523504546.0296147 351341.6740323649 4023436.4616474886 54.2455 0.0 0.0 0.0 0.0
1523504547.0303626 351346.40184478473 4023437.9626423363 54.2248 0.0 0.0 0.0 0.0
1523504548.0305095 351350.6917008736 4023440.0910842335 54.2425 0.0 0.0 0.0 0.0
1523504549.0295238 351354.6608055965 4023442.8588347584 54.2332 0.0 0.0 0.0 0.0
1523504550.0298216 351358.5082308394 4023445.9998586597 54.496 0.0 0.0 0.0 0.0
1523504551.0292487 351362.0651323029 4023450.2257618634 53.9193 0.0 0.0 0.0 0.0
1523504552.0271363 351366.4139079022 4023455.2167180767 50.6295 0.0 0.0 0.0 0.0
1523504553.027469 351369.3798680266 4023459.847795308 50.7901 0.0 0.0 0.0 0.0
1523504554.0276484 351371.5025535526 4023464.7047172403 50.5822 0.0 0.0 0.0 0.0
1523504555.020601 351371.5025535526 4023464.7047172403 50.5822 0.0 0.0 0.0 0.0
1523504556.0265203 351373.0381303015 4023474.9223690485 51.7934 0.0 0.0 0.0 0.0
1523504557.0267408 351372.6577637645 4023479.9668123364 51.8364 0.0 0.0 0.0 0.0
1523504558.026486 351371.90737208794 4023483.936218186 51.8449 0.0 0.0 0.0 0.0
1523504559.028238 351370.90488732955 4023487.033300795 51.7905 0.0 0.0 0.0 0.0
1523504560.0266006 351369.6390895508 4023489.9129608735 51.7844 0.0 0.0 0.0 0.0
1523504561.0268116 351368.4119494967 4023493.005386247 51.8787 0.0 0.0 0.0 0.0
1523504562.0266368 351368.04640089464 4023495.902169629 56.2118 0.0 0.0 0.0 0.0
1523504563.027604 351368.0296183281 4023501.540717018 54.06 0.0 0.0 0.0 0.0
1523504564.028232 351368.317437018 4023506.566867186 53.7363 0.0 0.0 0.0 0.0
1523504565.0293233 351367.6729444954 4023510.508011719 56.1959 0.0 0.0 0.0 0.0
1523504566.030541 351367.4536271561 4023516.0619958974 56.2032 0.0 0.0 0.0 0.0
1523504567.0303555 351366.38210157095 4023521.337445489 56.1875 0.0 0.0 0.0 0.0
1523504568.029092 351364.59840224974 4023526.1592215667 56.2018 0.0 0.0 0.0 0.0
1523504569.0297196 351362.214425296 4023530.4214673494 56.2557 0.0 0.0 0.0 0.0
1523504570.0296764 351359.226566882 4023533.97499377 56.2592 0.0 0.0 0.0 0.0
1523504571.028941 351355.48043152294 4023536.6981639406 56.175 0.0 0.0 0.0 0.0
1523504572.0313764 351351.07606194867 4023538.6229243074 56.1883 0.0 0.0 0.0 0.0
1523504573.0294096 351346.1851987775 4023539.5386379785 56.1597 0.0 0.0 0.0 0.0
1523504574.0312119 351340.94269119785 4023539.5003275564 56.1906 0.0 0.0 0.0 0.0
1523504575.0292222 351335.33117797284 4023538.856914235 56.1589 0.0 0.0 0.0 0.0
1523504576.0269089 351329.93981844373 4023540.7573607657 47.6866 0.0 0.0 0.0 0.0
1523504577.0275714 351324.48367000674 4023537.0278727505 51.1185 0.0 0.0 0.0 0.0
1523504578.0275755 351318.2476783704 4023536.42106777 50.8701 0.0 0.0 0.0 0.0
1523504579.0270793 351311.36373264634 4023539.490819178 46.45 0.0 0.0 0.0 0.0
1523504580.0274148 351305.105034176 4023539.6452805856 45.9902 0.0 0.0 0.0 0.0
1523504581.0277636 351298.93218000117 4023540.199052572 45.557 0.0 0.0 0.0 0.0
1523504582.0276525 351293.7008266944 4023536.9369713776 51.2901 0.0 0.0 0.0 0.0
1523504583.027575 351287.9825247943 4023538.2158982805 51.1945 0.0 0.0 0.0 0.0
1523504584.0303283 351282.4743777398 4023539.7967562196 51.1083 0.0 0.0 0.0 0.0
1523504585.0312662 351277.1183332491 4023541.3217450944 51.2138 0.0 0.0 0.0 0.0
1523504586.0282233 351271.91751405504 4023542.6763294996 51.2142 0.0 0.0 0.0 0.0
1523504587.0272832 351267.0450905403 4023543.4628647054 51.2431 0.0 0.0 0.0 0.0
1523504588.0270178 351263.13490506785 4023544.5574810524 50.1248 0.0 0.0 0.0 0.0
1523504589.0274637 351260.4355015814 4023546.4591528396 48.9496 0.0 0.0 0.0 0.0
1523504590.0270998 351258.4611465167 4023546.6509565786 48.9902 0.0 0.0 0.0 0.0
1523504591.0275342 351256.21155045275 4023546.339989383 50.9792 0.0 0.0 0.0 0.0
1523504592.0275419 351253.0934022702 4023546.620950406 51.0704 0.0 0.0 0.0 0.0
1523504593.0296388 351249.14355063543 4023545.2281748755 54.5247 0.0 0.0 0.0 0.0
1523504594.0273778 351245.8512635706 4023546.190507117 50.8791 0.0 0.0 0.0 0.0
1523504595.0271926 351241.92427930713 4023544.744078145 50.6498 0.0 0.0 0.0 0.0
1523504596.0291018 351237.8651968681 4023541.1963406675 53.3042 0.0 0.0 0.0 0.0
1523504597.0281847 351235.35353237437 4023537.539576708 53.3437 0.0 0.0 0.0 0.0
1523504598.0273926 351234.3916822562 4023533.058557651 53.1712 0.0 0.0 0.0 0.0
1523504599.0271745 351233.90719417285 4023527.8844955326 53.9235 0.0 0.0 0.0 0.0
1523504600.0267172 351233.6379440866 4023522.5759847127 54.3576 0.0 0.0 0.0 0.0
1523504601.0262835 351233.8717557201 4023518.1685945382 52.7377 0.0 0.0 0.0 0.0
1523504602.0261986 351234.16270313924 4023512.887834045 52.7724 0.0 0.0 0.0 0.0
1523504603.026965 351234.8950022006 4023507.4051250936 53.3218 0.0 0.0 0.0 0.0
1523504604.026338 351235.58771330747 4023501.917177053 53.2414 0.0 0.0 0.0 0.0
1523504605.0264595 351236.3461826854 4023496.2940154034 52.7467 0.0 0.0 0.0 0.0
1523504606.02671 351236.802546978 4023489.3172373734 54.8823 0.0 0.0 0.0 0.0
1523504607.0197506 351236.802546978 4023489.3172373734 54.8823 0.0 0.0 0.0 0.0
1523504608.020127 351236.802546978 4023489.3172373734 54.8823 0.0 0.0 0.0 0.0
1523504609.0253859 351236.9846687458 4023470.0762156076 62.7142 0.0 0.0 0.0 0.0
1523504610.027555 351236.85856369586 4023464.4075644137 62.797 0.0 0.0 0.0 0.0
1523504611.0282412 351236.81174781476 4023458.869234848 62.877 0.0 0.0 0.0 0.0
1523504612.0257897 351236.99242121936 4023453.8320909585 63.1291 0.0 0.0 0.0 0.0
1523504613.0256312 351237.17919019086 4023449.5166867776 63.2709 0.0 0.0 0.0 0.0
1523504614.0263512 351237.3021648971 4023445.817322241 63.4992 0.0 0.0 0.0 0.0
1523504615.0258791 351237.36169188126 4023442.527406719 63.6126 0.0 0.0 0.0 0.0
1523504616.0267377 351237.12124019733 4023441.7677039662 54.2271 0.0 0.0 0.0 0.0
1523504617.0274916 351237.02489761834 4023439.7795225256 53.8439 0.0 0.0 0.0 0.0
1523504618.0290363 351236.2786952656 4023437.787691709 54.8015 0.0 0.0 0.0 0.0
1523504619.0304 351236.24224928126 4023435.7500270912 54.774 0.0 0.0 0.0 0.0
1523504620.0285165 351236.22652348416 4023433.7253232007 54.8269 0.0 0.0 0.0 0.0
1523504621.0285912 351236.182329739 4023431.7680580406 54.785 0.0 0.0 0.0 0.0
1523504622.0291257 351236.2282365169 4023429.777621733 54.8665 0.0 0.0 0.0 0.0
1523504623.0293 351236.14568063733 4023427.781990962 54.8402 0.0 0.0 0.0 0.0
1523504624.0289316 351236.0950953453 4023425.7399452394 54.8987 0.0 0.0 0.0 0.0
1523504625.0293257 351234.9579711354 4023423.0174399028 54.6133 0.0 0.0 0.0 0.0
1523504626.0288365 351234.7929552789 4023420.2181536285 54.6155 0.0 0.0 0.0 0.0
1523504627.0290232 351234.61923489324 4023417.3213651837 54.6174 0.0 0.0 0.0 0.0
1523504628.0290716 351234.43422600464 4023414.58641316 54.6351 0.0 0.0 0.0 0.0
1523504629.029577 351234.1305336148 4023411.79708828 54.7018 0.0 0.0 0.0 0.0
1523504630.0297425 351233.5212346701 4023408.7063647443 54.6877 0.0 0.0 0.0 0.0
1523504631.0304766 351232.2177304182 4023405.373247624 54.6231 0.0 0.0 0.0 0.0
1523504632.0291524 351230.3396442981 4023401.7673886283 54.6596 0.0 0.0 0.0 0.0
1523504633.0292923 351227.948251243 4023397.6667266097 54.6259 0.0 0.0 0.0 0.0
1523504634.0287838 351225.16847770003 4023393.2890198757 54.6769 0.0 0.0 0.0 0.0
1523504635.0271018 351222.02800025814 4023389.0179268355 54.7188 0.0 0.0 0.0 0.0
1523504636.0338778 351218.38102372654 4023385.3817502297 54.7101 0.0 0.0 0.0 0.0
1523504637.0335627 351214.26193270367 4023382.579457588 54.8137 0.0 0.0 0.0 0.0
1523504638.0296037 351209.7243876485 4023380.7736213403 54.8035 0.0 0.0 0.0 0.0
1523504639.0303543 351205.1303195257 4023380.025168612 54.8589 0.0 0.0 0.0 0.0
1523504640.0291884 351200.71492549416 4023380.202821746 54.8517 0.0 0.0 0.0 0.0
1523504641.0291874 351197.244446199 4023380.776510727 54.8424 0.0 0.0 0.0 0.0
1523504642.029587 351194.85973351507 4023381.208954056 54.8675 0.0 0.0 0.0 0.0
1523504643.0283415 351192.75360797264 4023381.6497496096 54.858 0.0 0.0 0.0 0.0
1523504644.029098 351190.7620582215 4023382.3153237468 54.8737 0.0 0.0 0.0 0.0
1523504645.0304089 351189.09114259726 4023383.2161969454 54.8599 0.0 0.0 0.0 0.0
1523504646.0310156 351187.69315334747 4023384.6849807175 54.7573 0.0 0.0 0.0 0.0
1523504647.0303817 351186.51485943684 4023387.203262965 54.831 0.0 0.0 0.0 0.0
1523504648.028952 351186.10779297794 4023390.999606281 54.8059 0.0 0.0 0.0 0.0
1523504649.0293186 351186.4980435228 4023395.894165264 54.7355 0.0 0.0 0.0 0.0
1523504650.0277743 351187.1523490794 4023401.6593584022 54.7097 0.0 0.0 0.0 0.0
1523504651.0281706 351187.7780272403 4023408.066990439 54.6551 0.0 0.0 0.0 0.0
1523504652.027924 351188.0915147162 4023414.8796472643 54.6081 0.0 0.0 0.0 0.0
1523504653.028371 351188.60716404277 4023422.278073662 54.6193 0.0 0.0 0.0 0.0
1523504654.0274894 351188.88816956745 4023429.691622749 54.6216 0.0 0.0 0.0 0.0
1523504655.0277784 351189.0650930129 4023437.16059203 54.5415 0.0 0.0 0.0 0.0
1523504656.0280833 351189.4739819245 4023444.231646417 55.4276 0.0 0.0 0.0 0.0
1523504657.0281327 351189.70061881293 4023451.232034357 55.2986 0.0 0.0 0.0 0.0
1523504658.0283618 351189.88987269276 4023457.518617195 55.2297 0.0 0.0 0.0 0.0
1523504659.0271902 351190.1269547462 4023462.607593633 55.1561 0.0 0.0 0.0 0.0
1523504660.028004 351190.31849223655 4023466.7250901707 55.1701 0.0 0.0 0.0 0.0
1523504661.0319908 351190.5009144277 4023470.163066407 55.15 0.0 0.0 0.0 0.0
1523504662.0320225 351190.6666179028 4023472.93182482 55.1447 0.0 0.0 0.0 0.0
1523504663.0311885 351190.8015910395 4023475.8279834823 55.1226 0.0 0.0 0.0 0.0
1523504664.0280914 351190.8260627048 4023479.547753359 55.1306 0.0 0.0 0.0 0.0
1523504665.0280998 351190.7313677232 4023484.257549643 55.123 0.0 0.0 0.0 0.0
1523504666.0285702 351190.642875926 4023489.88697625 55.0447 0.0 0.0 0.0 0.0
1523504667.0273676 351190.6250325076 4023496.189504078 55.002 0.0 0.0 0.0 0.0
1523504668.0285976 351190.51262707927 4023503.355133144 53.5211 0.0 0.0 0.0 0.0
1523504669.0279932 351190.4069353668 4023509.5080674468 54.1514 0.0 0.0 0.0 0.0
1523504670.0277731 351190.5568651237 4023515.909437229 54.1439 0.0 0.0 0.0 0.0
1523504671.0284717 351190.63661082485 4023522.118187788 54.0926 0.0 0.0 0.0 0.0
1523504672.0286498 351190.5675441728 4023528.3738787305 54.0558 0.0 0.0 0.0 0.0
1523504673.028668 351190.4013490543 4023534.889605899 54.0295 0.0 0.0 0.0 0.0
1523504674.0282302 351190.4502318038 4023541.636524396 54.0144 0.0 0.0 0.0 0.0
1523504675.0283017 351190.7511217743 4023548.1858504415 53.942 0.0 0.0 0.0 0.0
1523504676.029187 351191.14651866176 4023554.46186924 53.9068 0.0 0.0 0.0 0.0
1523504677.027698 351191.6080229438 4023560.22204892 53.9955 0.0 0.0 0.0 0.0
1523504678.0267231 351192.06835304905 4023565.565010458 53.9362 0.0 0.0 0.0 0.0
1523504679.027293 351194.05968680826 4023569.511068359 54.537 0.0 0.0 0.0 0.0
1523504680.0255985 351194.7532990271 4023572.6321541816 54.8207 0.0 0.0 0.0 0.0
1523504681.0258896 351196.3013401318 4023575.4286107235 54.8136 0.0 0.0 0.0 0.0
1523504682.0257578 351198.9295173313 4023577.6263597393 55.0608 0.0 0.0 0.0 0.0
1523504683.0248163 351203.44821503904 4023579.0718645365 55.7292 0.0 0.0 0.0 0.0
1523504684.0253615 351208.5904559396 4023579.6505588475 55.7346 0.0 0.0 0.0 0.0
1523504685.0255828 351214.60406647786 4023579.662428591 55.7169 0.0 0.0 0.0 0.0
1523504686.0262682 351220.2365527918 4023579.8894596417 54.2072 0.0 0.0 0.0 0.0
1523504687.0246863 351227.8045511785 4023579.7017493034 54.3586 0.0 0.0 0.0 0.0
1523504688.0297093 351236.1466960738 4023579.585472118 54.3956 0.0 0.0 0.0 0.0
1523504689.027383 351245.08362483664 4023579.3154832865 54.888 0.0 0.0 0.0 0.0
1523504690.0254815 351253.90125604026 4023578.7196404305 57.568 0.0 0.0 0.0 0.0
1523504691.024958 351262.613048053 4023579.5423080763 51.0565 0.0 0.0 0.0 0.0
1523504692.0247777 351269.3139181895 4023579.7066615163 49.9076 0.0 0.0 0.0 0.0
1523504693.0245419 351274.8669693497 4023579.02719029 52.6764 0.0 0.0 0.0 0.0
1523504694.024299 351280.2867483974 4023578.794803049 53.0982 0.0 0.0 0.0 0.0
1523504695.025119 351286.30375407083 4023578.638363413 53.3226 0.0 0.0 0.0 0.0
1523504696.0249677 351293.10643541615 4023578.457914701 53.6491 0.0 0.0 0.0 0.0
1523504697.0245214 351300.4216073925 4023578.2281813533 53.9677 0.0 0.0 0.0 0.0
1523504698.0248103 351307.5457872332 4023577.9588211807 54.2392 0.0 0.0 0.0 0.0
1523504699.0245798 351314.11406414176 4023577.711203526 54.5725 0.0 0.0 0.0 0.0
1523504700.0242488 351320.3056301069 4023577.430100478 54.6711 0.0 0.0 0.0 0.0
1523504701.0240836 351327.0584480501 4023577.1861720704 54.739 0.0 0.0 0.0 0.0
1523504702.0244942 351334.5407874518 4023576.976535239 54.6659 0.0 0.0 0.0 0.0
1523504703.0243971 351342.59395439073 4023576.7604496563 54.556 0.0 0.0 0.0 0.0
1523504704.0251863 351351.11041164456 4023577.0725892093 52.2259 0.0 0.0 0.0 0.0
1523504705.024741 351359.63613174844 4023576.82530193 52.5637 0.0 0.0 0.0 0.0
1523504706.024571 351368.34125433443 4023576.692204235 52.686 0.0 0.0 0.0 0.0
1523504707.025402 351377.2631554609 4023577.439996632 48.7912 0.0 0.0 0.0 0.0
1523504708.0261996 351385.725179787 4023577.4309271127 48.7843 0.0 0.0 0.0 0.0
1523504709.024633 351393.85234930506 4023577.412437851 48.8671 0.0 0.0 0.0 0.0
1523504710.0249069 351400.85093472985 4023577.2353750365 49.0767 0.0 0.0 0.0 0.0
1523504711.024868 351405.9313645187 4023576.4954710645 49.1192 0.0 0.0 0.0 0.0
1523504712.024726 351409.79233555804 4023574.7464991696 49.5607 0.0 0.0 0.0 0.0
1523504713.0236075 351413.0090455676 4023571.704328612 47.958 0.0 0.0 0.0 0.0
1523504714.0281956 351415.1660778155 4023567.3642391083 48.645 0.0 0.0 0.0 0.0
1523504715.026143 351416.1147681136 4023561.8168109776 49.6718 0.0 0.0 0.0 0.0
1523504716.0250242 351416.283851105 4023555.424960314 50.5091 0.0 0.0 0.0 0.0
1523504717.0244074 351416.07547440135 4023548.3358573862 51.295 0.0 0.0 0.0 0.0
1523504718.0249178 351415.90956202056 4023540.8347075074 52.0307 0.0 0.0 0.0 0.0
1523504719.0249584 351415.74710560206 4023533.692478357 52.6011 0.0 0.0 0.0 0.0
1523504720.024978 351415.61852418224 4023526.8507607533 52.9867 0.0 0.0 0.0 0.0
1523504721.0249884 351415.50857514207 4023519.664354881 53.5877 0.0 0.0 0.0 0.0
1523504722.0249586 351415.29121439747 4023511.9110808154 54.1149 0.0 0.0 0.0 0.0
1523504723.0254633 351415.0255943302 4023503.85606223 54.6137 0.0 0.0 0.0 0.0
